% Statistical Problem: Baseball Data

% Batting average against
AVG = [209 210 190 211 243 202 211 211 229 241 250 214 219 221 249 250 ...
    218 232 252 230 264 228 233 251 230 225 256 237 239 236]';
AVG = AVG/1000;

% Walks plus hits per inning pitched
WHIP = [106 100 90 102 104 98 116 97 105 127 121 116 104 106 122 118 ...
    117 112 122 111 121 121 101 115 134 112 116 118 117 120]';
WHIP = WHIP/100;

